1097
41728266

37551509

32547025

41797551

41797584

41797584

37359119

34732552

39759432

32387530

34985065

19560501

21940149

17161007

14631215

24440032

27070000

21958087

27088450

14649456

17179013

24458152

14630000

19960966

22355298

24858381

24858036

19974373

22369580

19974404

19983539

24866461

19983539

24866461

19983539

24866461

22377921

19983539

24866461

22377921

19983539

24866461

22377921

19983539

24866461

19983539

19983539

24866462

22377927

24866462

22377927

24866462

19983540

24866462

19983540

22377929

22377929

24866463

22377929

24866463

22377929

22377929

24866466

22394713

19999975

24883024

22394713

19999975

24883024

22394713

19999975

24883024

22394713

24883024

19999975

19999975

24883035

22399537

24887692

24887692

24887692

22399538

24887692

22399538

22399538

24887693

24887693

24887693

24888644

24888645

24888645

24888658

22400637

24888658

24889269

22401310

24889269

22401311

24890827

24896606

22408739

24896606

22408739

24896613

24896613

22408814

22408814

24916688

22428847

24916688

22428847

24916688

22428857

24955720

22466729

24955720

22466729

24955720

22466729

24955720

22466729

24955720

22466729

22466729

22466729

22467433

24956449

22467433

24956449

22467433

24956449

24956449

24956449

22467437

24956449

22467437

24956449

22467437

24956449

22467437

24956449

24956449

22467438

24956449

22467743

24956790

22467743

24956790

22467743

24956790

22467743

24956790

24956790

22467743

24956790

22467743

24956790

22467743

24956790

22467743

24956790

22467743

24956790

24956790

22467744

24956790

22467744

24956790

22467744

24956790

22467744

24956790

22467744

24956790

22467744

24956790

22467746

24956791

22467746

24956791

24956791

22467746

24956791

24956791

24956791

22467751

24956791

22467751

24956791

22467751

24956791

22467751

24956791

22467751

24956791

22467751

24956791

22467751

24956791

22467751

24956791

22467751

24956791

22467751

24956791

22467751

24956791

22467751

24956791

22467751

24956791

22467751

24956791

22467751

24956791

22467751

24956791

22467751

22467751

24956792

22467751

24956792

22467751

24956792

22467751

24956792

22467751

24956792

22467751

24956792

22467751

24956792

22467751

24956792

22467751

24956792

22467751

24956792

22467751

24956792

22467751

24956792

22467751

24956792

22467751

24956792

22467751

24956792

22467751

24956792

22467751

24956792

22467751

24956792

22467751

24956792

22467751

24956792

22467751

24956792

22467751

24956792

22467751

24956792

22467751

24956792

22467751

24956792

22467751

24956792

22467751

24956792

22467751

24956792

22467751

24956792

22467751

24956792

22467751

24956792

22467751

24956792

22467751

24956792

22467751

24956792

22467751

24956792

22467751

24956792

22467751

24956792

22467751

24956792

22467751

24956792

22467751

24956792

22467751

24956792

22467751

24956792

22467751

24956792

22467751

24956792

22467751

24956792

22467751

24956792

22467751

24956792

22467751

24956792

22467751

24956792

22467751

24956792

22467751

24956792

22467751

24956792

22467751

24956792

22467751

22467751

22467751

24956793

22467751

24956793

22467751

24956793

22467751

24956793

22467751
